View
1.000000 -0.000000 0.000000 -0.000000
0.000000 1.000000 0.000000 -0.000000
-0.000000 -0.000000 1.000000 -50.000000
0.000000 0.000000 0.000000 1.000000

Projection
2.099279 0.000000 0.000000 0.000000
0.000000 3.732051 0.000000 0.000000
0.000000 0.000000 -1.002002 -2.002002
0.000000 0.000000 -1.000000 0.000000


1.000000 0.000000 0.000000 0.000000
0.000000 1.000000 0.000000 0.000000
0.000000 0.000000 1.000000 0.000000
0.000000 0.000000 0.000000 1.000000

base
1.000000 0.000000 0.000000 0.000000
0.000000 1.000000 0.000000 0.000000
0.000000 0.000000 1.000000 0.000000
0.000000 0.000000 0.000000 1.000000

skyboxNode
0.000000 0.000000 0.000000 0.000000
0.000000 0.000000 0.000000 0.000000
0.000000 0.000000 0.000000 0.000000
0.000000 0.000000 0.000000 0.000000

sunNode
5.000000 0.000000 0.000000 0.000000
0.000000 5.000000 0.000000 0.000000
0.000000 0.000000 5.000000 0.000000
0.000000 0.000000 0.000000 1.000000

earthNode
-0.176887 0.773585 -0.608505 -7.455721
0.935214 0.324784 0.141035 0.000000
0.306737 -0.544134 -0.780917 -29.058769
0.000000 0.000000 0.000000 1.000000

mercuryNode
0.126878 0.000000 -0.483635 -18.947580
0.000000 0.500000 0.000000 0.000000
0.483635 0.000000 0.126878 -6.402287
0.000000 0.000000 0.000000 1.000000

venusNode
-0.432779 0.000000 -0.672832 -19.793949
0.000000 0.800000 0.000000 0.000000
0.672832 0.000000 -0.432779 -15.270880
0.000000 0.000000 0.000000 1.000000

marsNode
-0.525885 0.000000 -0.288869 -19.251537
0.000000 0.600000 0.000000 0.000000
0.288869 0.000000 -0.525885 -29.229755
0.000000 0.000000 0.000000 1.000000

jupiterNode
-2.368448 0.000000 0.800285 3.201012
0.000000 2.500000 0.000000 0.000000
-0.800285 0.000000 -2.368448 -39.871712
0.000000 0.000000 0.000000 1.000000

saturnNode
-1.360418 0.000000 1.466037 17.994158
0.000000 2.000000 0.000000 0.000000
-1.466037 0.000000 -1.360418 -41.245735
0.000000 0.000000 0.000000 1.000000

saturnRingNode
0.100000 0.000000 0.000000 0.000000
0.000000 0.005000 0.000000 0.000000
0.000000 0.000000 0.100000 0.000000
0.000000 0.000000 0.000000 1.000000

uranusNode
-0.372786 0.000000 1.452940 33.811668
0.000000 1.500000 0.000000 0.000000
-1.452940 0.000000 -0.372786 -36.834377
0.000000 0.000000 0.000000 1.000000

neptuneNode
0.364914 0.000000 1.454936 48.348675
0.000000 1.500000 0.000000 0.000000
-1.454936 0.000000 0.364914 -26.218422
0.000000 0.000000 0.000000 1.000000

lensFlare
1.000000 0.000000 0.000000 0.000000
0.000000 1.000000 0.000000 0.000000
0.000000 0.000000 1.000000 0.000000
0.000000 0.000000 0.000000 1.000000

CamDist
50
QtrnRot
1
0
0
0
